BFS
(((7, 9),), 0)
(((7, 8),), 1)
(((6, 8),), 2)
(((5, 8),), 3)
(((4, 8),), 4)
(((3, 8),), 5)
(((3, 7),), 6)
(((3, 6),), 7)
(((3, 5),), 8)
(((2, 5),), 9)
(((1, 5),), 10)
(((0, 5),), 11)
(((0, 4),), 12)

DFS
(((7, 9),), 0)
(((7, 10),), 1)
(((7, 11),), 2)
(((7, 12),), 3)
(((6, 12),), 4)
(((6, 11),), 5)
(((6, 10),), 6)
(((6, 9),), 7)
(((6, 8),), 8)
(((6, 7),), 9)
(((6, 6),), 10)
(((6, 5),), 11)
(((6, 4),), 12)
(((6, 3),), 13)
(((6, 2),), 14)
(((5, 2),), 15)
(((5, 3),), 16)
(((4, 3),), 17)
(((4, 4),), 18)
(((4, 5),), 19)
(((3, 5),), 20)
(((3, 6),), 21)
(((3, 7),), 22)
(((2, 7),), 23)
(((2, 6),), 24)
(((2, 5),), 25)
(((2, 4),), 26)
(((1, 4),), 27)
(((0, 4),), 28)

GBFS
(((7, 9),), 0)
(((6, 9),), 1)
(((5, 9),), 2)
(((5, 8),), 3)
(((4, 8),), 4)
(((3, 8),), 5)
(((3, 7),), 6)
(((2, 7),), 7)
(((2, 6),), 8)
(((1, 6),), 9)
(((0, 6),), 10)
(((0, 5),), 11)
(((0, 4),), 12)

UCS
(((7, 9),), 0)
(((6, 9),), 1)
(((5, 9),), 2)
(((5, 8),), 3)
(((4, 8),), 4)
(((3, 8),), 5)
(((3, 7),), 6)
(((2, 7),), 7)
(((2, 6),), 8)
(((1, 6),), 9)
(((0, 6),), 10)
(((0, 5),), 11)
(((0, 4),), 12)

AStar
(((7, 9),), 0)
(((6, 9),), 1)
(((5, 9),), 2)
(((5, 8),), 3)
(((4, 8),), 4)
(((3, 8),), 5)
(((3, 7),), 6)
(((2, 7),), 7)
(((2, 6),), 8)
(((1, 6),), 9)
(((0, 6),), 10)
(((0, 5),), 11)
(((0, 4),), 12)
